col1 ids in the group
col2-5 cam1
col6-9 cam2
col10-13 cam4
col14-17 cam5
col18 intensity of interaction

4 cols for each cam,
col1 speaking
col2 touching
col3 Arms_gesture
col4 gazing

13_14													1	0	0	1	2
46_47					1	0	0	1	1	0	0	1					2
62_63	1	0	0	1													2
93_94	0	0	0	0	0	0	0	0									0
101_102	0	0	0	0	0	0	0	1									1
106_107	0	0	0	0	0	0	0	0	0	0	0	0					0
113_114	0	0	0	0	1	0	0	1					0	0	0	0	1
117_118	1	0	0	1	1	0	0	0					1	0	0	0	1
125_126	1	0	1	0	1	0	1	1									3
133_134	0	0	0	0	0	0	0	0					0	0	0	0	0
137_7136	1	0	1	0	1	0	1	1					0	0	0	0	2
150_151	1	0	1	1	1	0	1	1	1	0	1	0					3
165_166_168	0	0	0	0	0	0	0	0					1	1	1	1	3
171_173	1	0	1	1													3
174_224					1	0	1	1									3
178_179	1	0	0	1	1	0	0	1	1	0	0	1					2
200_201	0	0	0	0	0	0	0	0					0	0	0	0	0
203_204	0	0	0	0	1	0	1	0									2
203_204_224					1	0	1	1									3
206_208					0	0	0	0	0	1	0	0					1
226_227_229	0	0	0	0	0	0	0	0					1	0	1	1	1
231_232	0	0	0	0	0	0	0	0									0
234_309	1	0	1	1													3
245_246	0	0	0	0													0
251_525	0	0	0	0	0	0	0	0	1	0	0	1					1
252_253					0	0	0	0	0	0	0	0					0
259_261_262	1	0	0	1									1	0	1	1	2
266_267	0	0	0	0	1	0	1	1									2
276_277	1	0	1	0	1	0	1	1									3
281_282	0	0	0	1	0	0	0	1					0	0	0	0	1
283_284	0	0	0	0	0	0	0	0	1	0	1	0					1
292_293	1	0	0	0													1
307_308	0	0	0	0	0	0	0	0	0	0	0	0					0
326_327	0	0	0	0	0	0	0	0	0	0	0	0					0
332_333	1	0	1	0	0	0	0	0					0	0	0	0	1
341_342	0	0	0	0	0	0	0	0	0	0	0	0					0
350_352	1	0	0	1													1
354_355	0	0	0	0	0	0	0	0									0
360_361	1	0	0	0	1	0	0	0					1	0	0	1	1
378_379	0	0	0	0									1	0	0	1	2
382_383	0	0	0	0	0	0	0	0									0
388_389	0	0	0	0													0
423_425	0	0	0	0													0
499_500	1	0	0	1	1	0	1	1									2
511_1696					0	0	0	1									1
526_527					1	0	0	0									1
1174_1403					0	0	0	0					1	0	0	1	1
1174_2942													1	0	1	1	2
1240_3253					1	0	0	1					1	0	1	1	2
1343_1682					1	0	0	1									3
1358_154					1	0	1	1	1	0	1	1					3
1396_1397_1398					1	0	1	1									3
1471_1472					0	0	0	0	0	0	0	0					0
1486_1487					1	0	1	0	1	0	1	1					2
2420_2421_2422									0	0	0	0					0
2469_2470_2471									1	0	1	1	1	0	1	1	3
2495_2496													0	0	0	0	0
2556_2557_2558													1	0	0	1	1
2597_2598_2599													1	0	1	1	3
3520_1565					0	0	0	0					0	0	0	0	0
